
38956521783056.08593750000000
40568366212923.35937500000000
32515744834696.43750000000000
3849895.62000000011176
3861522.27000000001863
16491754319746.68164062500000
1085175.23999999999069
3705228.43999999994412
6938763385641.50000000000000
544430.33999999996740
24869208719515.05078125000000
4287858.11000000033528
1670606.72999999998137
12094773677730.90820312500000
25580963655116.17968750000000
30192033262423.08984375000000
21644724641388.03906250000000
20991030047481.75000000000000
2316886.12999999988824
28018039078957.96484375000000
39370310195968.40625000000000
3410323.08000000007451
33212014386697.05859375000000
12312105721897.09179687500000
61330590528833.11718750000000
57212776922284.35937500000000
20319237089228.89453125000000
46696088570261.21875000000000
40552829557840.14062500000000
49155260798401.64062500000000
3459926.37000000011176
371883.89000000001397
40446327440655.29687500000000
55792978650664.43750000000000
32042827835226.91015625000000
35123908673296.71875000000000
49934065061908.63281250000000
29478987454598.01171875000000
43237684190914.87500000000000

38956521783056.08593750000000
40568366212923.35937500000000
32515744834696.43750000000000
3849895.62000000011176
3861522.27000000001863
16491754319746.68164062500000
1085175.23999999999069
3705228.43999999994412
6938763385641.50000000000000
544430.33999999996740
24869208719515.05078125000000
4287858.11000000033528
1670606.72999999998137
12094773677730.90820312500000
25580963655116.17968750000000
30192033262423.08984375000000
21644724641388.03906250000000
20991030047481.75000000000000
2316886.12999999988824
28018039078957.96484375000000
39370310195968.40625000000000
3410323.08000000007451
33212014386697.05859375000000
12312105721897.09179687500000
61330590528833.11718750000000
57212776922284.35937500000000
20319237089228.89453125000000
46696088570261.21875000000000
40552829557840.14062500000000
49155260798401.64062500000000
3459926.37000000011176
371883.89000000001397
40446327440655.29687500000000
55792978650664.43750000000000
32042827835226.91015625000000
35123908673296.71875000000000
49934065061908.63281250000000
29478987454598.01171875000000
43237684190914.87500000000000

38956521783056.08593750000000
40568366212923.35937500000000
32515744834696.43750000000000
3849895.62000000011176
3861522.27000000001863
16491754319746.68164062500000
1085175.23999999999069
3705228.43999999994412
6938763385641.50000000000000
544430.33999999996740
24869208719515.05078125000000
4287858.11000000033528
1670606.72999999998137
12094773677730.90820312500000
25580963655116.17968750000000
30192033262423.08984375000000
21644724641388.03906250000000
20991030047481.75000000000000
2316886.12999999988824
28018039078957.96484375000000
39370310195968.40625000000000
3410323.08000000007451
33212014386697.05859375000000
12312105721897.09179687500000
61330590528833.11718750000000
57212776922284.35937500000000
20319237089228.89453125000000
46696088570261.21875000000000
40552829557840.14062500000000
49155260798401.64062500000000
3459926.37000000011176
371883.89000000001397
40446327440655.29687500000000
55792978650664.43750000000000
32042827835226.91015625000000
35123908673296.71875000000000
49934065061908.63281250000000
29478987454598.01171875000000
43237684190914.87500000000000
