188389.0298786804526827
172868.6106987516570968
0.5598905953828007
0.6410351542674899
0.6691383175652342
0.5773351920892986
0.5945437728560818
0.5814878190796843
0.5475480416866910
0.6022826498599913
0.6637135128658928
0.5945494640127093
0.6097651873852745
0.6229263178399192
0.6350184340605392
0.5893085992173726
0.5885489567461667
0.5720887073274413
0.6340599530433688
0.5624693504064546
0.5742949147687137
0.6998497801865152
0.6504442966093400
0.6303802022469171
0.5773529590558625
0.6176206796270725
0.5895682677896321
0.6227249258815645
0.6049308290819247
0.6575836755979691
0.6691075433235315
0.6685726802431488
0.5811143808857723
0.5548323833000026
0.5652345342305928
0.5832196972751929
0.6454942812667106
0.6454620352944341
0.5894964497665603
0.6530890552882790
0.5485185175566867
0.5890034648850494
0.6411215930288721
0.6209126426035242
0.5733363591315401
0.5630323982421775
0.6270311467083323
0.6791801060198476
0.6576294015902638
0.5654906255606573
0.5579288311024692
0.6181447069736547
0.6184483595985163
0.5078584246901654
0.5940667812660749
0.6564375732187221
0.6479073659419758
0.6619052296389726
0.6558378874589365
0.5723324054584632
0.7062666401889784
0.5396117100290192
0.5572928052111408
0.5748651047716886
0.6342791662269977
0.6402284014023884
0.6578581752348522
0.5706140551848496
0.5694984332371429
0.5769823995090206
0.5886720626429575
0.5918113255111135
0.5245582630144356
0.6042492551923836
0.6220974730199030
0.6400483252678154
0.6742708841200793
0.6337327983916303
0.5340439588230478
0.6249345040072798
0.6246904891566108
0.6328498896684742
0.5685391223483100
0.5752617635802709
0.5526262804152217
0.5398382317787146
0.6454992343992829
0.6254448386687550
0.6069078124297010
0.5811848344726300
0.5932016347167437
0.6533206363448781
0.6034488734603175
0.6252803170213024
0.6104439206818456
0.6121132904562954
0.6392143214060840
0.6624270953045779
0.5850844682261575
0.6054551534436488
0.6450789279501663
0.6496206577341362
0.6637434073897610
0.6019969218500055
0.6055612986968274
0.6559268761694223
0.5659729631562795
0.5634942011263823
0.5690793474660664
0.6261794569005148
0.6643835865171100
0.6524771088719929
0.5686320634658455
0.5990750051296732
0.6137258520188208
0.5898980714308282
0.5941440591593730
0.5931052046961395
0.6602644814372265
0.5815167759464731
0.6043893812285705
0.5596140532631302
0.5892279812867751
0.5933337740585427
0.5918862568325365
0.6233069501819062
0.6448187499041857
0.5909579854535778
0.6128894205672538
0.5663160233509562
0.6448194705542317
0.5660297343854581
0.5710573049961702
0.5526883291192734
0.6256174206946195
0.5549529211711560
0.6476686702547682
0.6190802227426577
0.6279488458799568
0.5822505088980690
0.5424262441517999
0.5591440828803822
0.6412180377053394
0.6020022460217927
0.5785104815853737
0.6497684760682984
0.6038889898140404
0.6282271267745543
0.6486449226764113
0.5750428272245470
0.5931624360981977
0.6306117345551367
0.5807793148866136
0.5600312235301195
0.6541563332044217
0.6109752088483374
0.6830825324552109
0.6267034747974927
0.6596867197144520
0.6441057921140334
0.6092566804507016
0.6643418486458606
0.5706340051285469
0.5667219517912485
0.5279825163610851
0.6282783365524824
0.6696314593778088
0.6703252849384534
0.6160616165104227
0.5994464259170879
0.6879862163925103
0.5415019660844614
0.5693455302242471
0.6564690479398278
0.6663438675971279
0.5979315906273709
0.6218839692592770
0.5769327897023155
0.6311396097695237
0.6842388870441152
0.5452288036972313
0.5924739989380822
0.5730342155379621
0.6479050226283826
0.6254279202297928
0.5663387467084553
0.6229946133128817
0.5283895729661224
0.6229974053335648
0.6669471121091451
0.6421979127861959
0.5818620627176601
0.6336133781391400
0.6184646694810193
0.6296620786492293
0.6025528295605914
0.5760280013765032
0.5965312486199404
0.6107522668352146
0.6071639261758180
0.5728867840731274
0.6316396449205046
0.5322822922756262
0.5629821444130453
0.6189415079343217
0.5934776329342931
0.5973325854227271
0.6139206272638230
0.6576710233337985
0.5081496252255254
0.5583801580518519
0.5529370709201617
0.6004898101526024
0.6158866334855576
0.5916661464203084
0.5154744252188231
0.5960406561574973
0.5866258794711380
0.5880684459035752
0.7291042999588764
0.5405974760355093
0.5605234521488101
0.5741516799565966
0.5691069466998334
0.5382538092996120
0.5626057316675648
0.5963765823516115
0.5670095037873157
0.6245294779373234
0.6219647885228376
0.5504005404728823
0.5726322839530442
0.6080544618610355
0.6102110221909351
0.5790533044556948
0.6212415460420422
0.5884814132744381
0.6990675473791326
0.5704976796955041
0.5615790306872188
0.5817887360806136
0.5543245357884720
0.6423306475481336
0.5127993156435999
0.6139636665531057
0.6002830128868232
0.6011944751696569
0.4985263116813388
0.5811768067171169
0.5402845457953611
0.5070872290710012
0.5207251246915943
0.5299970222363583
0.5527391100942164
0.5220769976226488
0.5583185368997943
0.4571101695079086
0.5204232272577779
0.5613198318836776
0.5390368958811391
0.5752341823498762
0.5382282344929632
0.5650672878444794
0.5153372218462316
0.5674855143752681
0.5221037520158533
0.5582509636382294
0.5020947935707053
0.4455594264646749
0.4417740890796442
0.4727213332493692
0.5215823159139733
0.5038283889803637
0.4277405814062890
0.4453255233821428
0.4861927805025845
0.4773456565497701
0.4666865877568438
0.4856441055219966
0.4447662723606070
0.4892824754914259
0.4691292891247348
0.5065909892820824
0.4132150045628124
0.4393026797238153
0.4946673567104822
0.4232004619464194
0.4177888406119451
0.4346894593119159
0.4562404488298815
0.4313530167539693
0.4043468850710560
0.4344836554604148
0.4162411529265883
0.3523624669006697
0.4095031879289262
0.3883546620490884
0.3861116786877613
0.3845934804904400
0.3846964635770731
0.3665448603278927
0.4018170222609803
0.3935065027004010
0.3555895270615232
0.3645793518535566
0.3615592409800618
0.3571352736464566
0.3675308245910134
0.3489905537195992
0.3737792524665700
0.3707461157004678
0.3429198352543465
0.3606936874795612
0.3529812992213905
0.3233515997595765
0.3370852733275184
0.3515452135618835
0.3260720488348837
0.3083227559090123
0.3247460764258964
0.3273350422200281
0.3174723045285168
0.3035316228071520
0.2984632246480396
0.3157381648354537
0.3131300654183553
0.2941073767587065
0.2961852462081371
0.3086658670762231
0.3017462134536648
0.2921833025358287
0.2957197808372343
0.2822605252743343
0.2984134704188535
0.3136360905230801
0.2898984514228216
0.2807670233143080
0.2752700271548422
0.2855808451285216
0.2928456346520611
0.2720631651994321
0.2753330968653863
0.2800396264330461
0.2853820346850906
0.2811241495648138
0.2796810070745177
0.2809255150792538
0.2784620920905174
0.2687446470257555
0.2737936838378259
0.2770817047399678
0.2770081831559639
0.2800862932725976
0.2786398058137074
0.2749105351124855
0.2795211887356524
0.2755019564158709
0.2738187349897362
0.2772725449168819
0.2782057143470062
0.2762812051686525
0.2680864426633841
0.2663608237386757
0.2717774020842687
0.2681234153763051
0.2681774792733931
0.2699659684418396
0.2680864426670342
