0.6481241852842247
0.5633888378885145
0.6572831023699349
0.6464555308300174
0.5849301132239502
0.5822740982325688
0.6126846136219033
0.5565666392220366
0.5723591425179417
0.6466227091120316
0.6029748364594825
0.6095536800043306
0.5758084841340238
0.6349644977288418
0.5867841534801019
0.6222562964028162
0.5962372601577915
0.6369613125218298
0.5381209205686543
0.6660850534615283
0.6545845908770651
0.6125803369506955
0.6757062134948886
0.6052382875701400
0.5766033866594388
0.6546335877495746
0.6403952617919582
0.6440186010764590
0.6197953010058892
0.6219256248620710
0.6581977204411190
0.5600189150674896
0.5296565825618238
0.5947439455971088
0.6151305114721230
0.5817234913032972
0.6062996313358249
0.6478608849899726
0.6181551949392057
0.4857829848700986
0.5726453002690810
0.6259725728583712
0.5074208402618688
0.6461335344714968
0.6071526868624701
0.5987765411363411
0.6308422193729491
0.5919100686711224
0.5591654766787116
0.6076433196228801
0.5551503077148254
0.6550534801805305
0.6207080898066042
0.6163186905309808
0.6537308466359380
0.5331873146759379
0.6033775199320331
0.5365010808486676
0.6613323752837956
0.5564285155841915
0.6076975306600368
0.6259129549107144
0.7004149710794811
0.5816647222166892
0.6239586430630252
0.6122097094202814
0.6124841589110118
0.5968308011948495
0.5684000846546140
0.6241860928649669
0.6055123480729167
0.6492214001838386
0.6538321712964776
0.6018067287277299
0.6038053383045341
0.5466323136604642
0.6103806038736070
0.6418073224914603
0.5448975791976319
0.5380068550088748
0.5409121468251776
0.6567447142745882
0.6290392376197087
0.7000087801952641
0.5897042881064870
0.5451964324394455
0.5670096136202248
0.5837053170854034
0.5911660909440913
0.6582214661067284
0.6302039001917829
0.5729417501779981
0.5781726784622564
0.6160921418194114
0.5891004245696352
0.5006510014723967
0.6139363892076062
0.5871281800214317
0.5895320025543686
0.5957549292013358
0.6255456992227726
0.6121692927787865
0.6187938840691178
0.5481977782999686
0.5507685074782320
0.5763045810381300
0.6165151700543530
0.5918702391827777
0.6482152367586103
0.5474182871148118
0.6301256541108142
0.6163983326482080
0.5445470067945322
0.5797297870379592
0.6577790585021956
0.6197151308337570
0.6476150660688975
0.6103264671829864
0.6263961107598610
0.6298666697537735
0.6020707022871442
0.6682957918271062
0.6324940592710454
0.6406647590244360
0.5553236764999343
0.6650867458300158
0.5643936044761212
0.6434931450869862
0.6466588314481231
0.6659132828485742
0.5932732865318662
0.5903263924964223
0.5556798904208013
0.5560615937903100
0.6249770388735527
0.5595454703644285
0.5994301730444756
0.5764488719241877
0.6768939884468488
0.6211609259548123
0.6001706162543531
0.5787666510141540
0.6151153022972720
0.6106832102233712
0.6169329946521767
0.6221583624340033
0.6319486358629872
0.6112476718525867
0.6109360589670151
0.6321387906155304
0.6134564865255451
0.6182142164470210
0.6259749656688471
0.6076488265122965
0.6420236599562949
0.6279689341294502
0.6356533147280424
0.5801370237742047
0.5844603477119149
0.5692709718740138
0.5686183983742941
0.6117407651897312
0.5918543158668713
0.6030622508223517
0.5934662101412658
0.5377193737363995
0.5037005050535171
0.6294132056725902
0.6203830462622217
0.5486567463571131
0.6558176055482583
0.6060709619527423
0.6545987706855742
0.5851472362864276
0.5212792653940514
0.6477450948961862
0.6699252857028384
0.6316763233362394
0.5651192306245828
0.6252206343758983
0.5793562490008360
0.6599137879762250
0.6094884768948338
0.5819645869700167
0.5974976508654292
0.6427193718814961
0.6258552296364305
0.5914170447918395
0.6940387040771724
0.5825697530365140
0.6793593074021181
0.5890588506192067
0.6043068844867771
0.6705198068231105
0.6033449784807245
0.5877594793399689
0.6038657474717287
0.5479234338143031
0.6788919884390970
0.5716094178449347
0.5897592019863784
0.6232796221867433
0.6542310742923213
0.5631462871401803
0.5347514620095987
0.5941007934168764
0.6083212835051880
0.6599822790864694
0.6268460460369377
0.5674618245665843
0.6074284620331155
0.6006248135033832
0.6421497125857139
0.6152430231094171
0.5753210040520905
0.6237164518226460
0.5312179320532172
0.6706297320728451
0.6186385589276356
0.5852124954832948
0.5408613943763009
0.5519660686633954
0.5561550301757465
0.6710834320417468
0.5985852672665940
0.5817915325708282
0.6127274795522843
0.6336918670673838
0.6266160296598582
0.5766094359678874
0.6292461387304682
0.5433906924152977
0.5934818080135974
0.5341464758603122
0.6073303340176972
0.5744995709215311
0.6252999288039865
0.5540611468491357
0.5514093559044252
0.4854221169022522
0.6192533638844667
0.5676484742544889
0.5573168043905613
0.5513072239031542
0.5239266852756855
0.6376008331964731
0.6016950298159483
0.5266764321030687
0.5807516653318042
0.5336531689697833
0.5702262333746114
0.5671957469201767
0.5368176576938144
0.5562387781325392
0.6191876600883719
0.5341465864751420
0.4945552771699738
0.5798308651278295
0.5475737936943316
0.5696300029304079
0.5771172786329718
0.5259421491508170
0.6046397202125899
0.5493868014019308
0.4735910986649974
0.5412350962306257
0.5834931448793054
0.5014865577569997
0.5332119248409274
0.5497230057364798
0.5660266883364907
0.5889136635768900
0.5267087491613793
0.4351163645100937
0.4984067507035762
0.4851465412507740
0.5485382464007762
0.4466520915837294
0.4452251023522060
0.4658684966301603
0.4751378779641608
0.4833430433230646
0.5082818440019269
0.4341751953365346
0.4771673564137206
0.4372306267312472
0.4008041287168205
0.4679026371298084
0.4338497598352835
0.4284741171472987
0.4784083822343503
0.3854867800407999
0.4384713975083064
0.3851871203468154
0.4149134523409319
0.3531979334608919
0.4320763217920057
0.4478021321091618
0.4318589483815935
0.3582371217653980
0.3821533987554672
0.3992708059294017
0.3867155126038728
0.4205017184879035
0.4110635722559738
0.4102887518854884
0.3619191683836616
0.3638252812339862
0.3963587758544859
0.3429967216439418
0.3606728426582700
0.3571980044831609
0.3677702651531953
0.3510086797519069
0.3549227180016598
0.3215255900416002
0.3333233172103425
0.3423715183320724
0.3137187929403340
0.3475795694374531
0.3270471149510675
0.3473999765129607
0.3092497773511064
0.3162315453093419
0.3027472355793570
0.3195512339158694
0.3084540638964343
0.3205313958107759
0.2955611408809694
0.3151454291215609
0.3071723883349331
0.2990602199535441
0.2994118717152543
0.3090154052723510
0.2831438163186082
0.3042371312588860
0.2957461169969901
0.2915549304066698
0.2962271197514465
0.2886102529019997
0.3000558611501194
0.2899952913568364
0.2914952076230691
0.2937235542740427
0.2934320129886555
0.2945079952593415
0.2932185017469414
0.3001417302279867
0.2913836496905392
0.2928060301293240
0.2851065640343277
0.2922286710428668
0.2831438163300611
0.2918230622271807
0.2924589201453766
0.2979439251746663
0.2969773955460234
0.2852221346689954
0.2850589555834395
0.2895967246968180
0.2869746862203506
0.2869453573135560
0.2869117598323293
0.2852308421586920
0.2851287017656025
0.2869410887227407
0.2869117598210698
0.2886849327753637
0.2887577442521358
0.2851287017598045
